74 00 00 01 7e 00 00 01 75 00 00 01 6d 00 00 01
73 00 00 01 75 00 00 01 75 00 00 01 72 00 00 01
75 00 00 01 74 00 00 01 72 00 00 01 6e 00 00 01
74 00 00 01 7b 00 00 01 78 00 00 01 6d 00 00 01
76 00 00 01 7d 00 00 01 6d 00 00 01 6a 00 00 01
68 00 00 01 69 00 00 01 71 00 00 01 70 00 00 01
72 00 00 01 77 00 00 01 70 00 00 01 70 00 00 01
6f 00 00 01 7b 00 00 01 75 00 00 01 6f 00 00 01
76 00 00 01 6f 00 00 00 72 00 00 01 74 00 00 44
34 73 74 63 6f 00 00 00 00 00 00 11 09 00 00 08
d9 00 00 0a 90 00 00 0c 5d 00 00 0e 73 00 00 10
4d 00 00 12
