34 73 74 63 6f 00 00 00 00 00 00 11 09 00 00 08
d9 00 00 0a 90 00 00 0c 5d 00 00 0e 73 00 00 10
4d 00 00 12 2b 00 00 14 40 00 00 16 15 00 00 18
2a 00 00 1a 02 00 00 1b c9 00 00 1d d3 00 00 1f
a0 00 00 21 b2 00 00 23 86 00 00 25 32 00 00 27
2b 00 00 28 dd 00 00 2a e1 00 00 2c 90 00 00 2e
4e 00 00 30 4f 00 00 32 06 00 00 34 0b 00 00 35
c2 00 00 37 79 00 00 39 6a 00 00 3b 24 00 00 3c
d6 00 00 3e da 00 00 40 97 00 00 42 9a 00 00 44
4b 00 00 46 0d 00 00 48 07 00 00 49 be 00 00 4b
b6 00 00 4d 74 00 00 4f 26 00 00 51 2d 00 00 52
e2 00 00 54 f2 00 00 56 b7 00 00 58 6e 00 00 5a
71 00 01 fd 06 00 02 45 fe 00 02 a9 64 00 02 b8
64 00 03 34 9b 00 03 a4 3d 00 03 b0 37 00 04 31
ad 00 04 3f a3 00 04 92 12 00 04 ea 15 00 04 f2
6e 00 05 88 b0 00 05 94 97 00 06 28 66 00 06 34
d0 00 06 9c 13 00 07 27 41 00 07 36 38 00 07 b6
b5 00 07 c3 88 00 08 48 11 00 08 d0 08 00 08 db
00 00 09 53 42 00 09 bc cf 00 09 c8 31 00 0a 43
65 00 0a da 01 00 0a eb 20 00 0b 79 51 00 0b fa
12 00 0c 88 73 00 0c 99 a4 00 0d 1e 4e 00 0d d1
0d 00 0d e0 53 00 0e 73 a1 00 0e 86 0f 00 0f 18
0b 00
