b6 00 00 03 e9 00 00 00 bc 73 74 73 73 00 00 00
00 00 00 00 2b 00 00 00 01 00 00 00 40 00 00 01
45 00 00 01 b8 00 00 02 41 00 00 02 c0 00 00 03
4b 00 00 03 d5 00 00 04 63 00 00 04 eb 00 00 05
59 00 00 06 13 00 00 06 91 00 00 06 e7 00 00 07
67 00 00 07 c1 00 00 08 21 00 00 08 af 00 00 08
f1 00 00 09 c9 00 00 0a 21 00 00 0a d0 00 00 0b
59 00 00 0b 79 00 00 0c 5f 00 00 0d 85 00 00 0e
af 00 00 0f b7 00 00 10 83 00 00 10 f1 00 00 11
70 00 00 12 21 00 00 12 60 00 00 12 f4 00 00 13
51 00 00 13 c0 00 00 14 81 00 00 14 af 00 00 15
b1 00 00 15 f0 00 00 16 d8 00 00 16 e5 00 00 17
99 00 00 91 d8
