63 74 74 73 00 00 00 00 00 00 12 39 00 00 00 01
00 00 03 e9 00 00 00 01 00 00 0b bb 00 00 00 02
00 00 00 00 00 00 00 01 00 00 0b bb 00 00 00 02
00 00 00 00 00 00 00 01 00 00 0b bb 00 00 00 02
00 00 00 00 00 00 00 01 00 00 0b bb 00 00 00 02
00 00 00 00 00 00 00 01 00 00 0b bb 00 00 00 02
00 00 00 00 00 00 00 01 00 00 0b bb 00 00 00 02
00 00 00 00 00 00 00 01 00 00 0b bb 00 00 00 02
00 00 00 00 00 00 00 01 00 00 0b bb 00 00 00 02
00 00 00 00 00 00 00 01 00 00 0b bb 00 00 00 02
00 00 00 00 00 00 00 01 00 00 0b bb 00 00 00 02
00 00 00 00 00 00 00 01 00 00 0b bb 00 00 00 02
00 00 00 00 00 00 00 01 00 00 0b bb 00 00 00 02
00 00 00 00 00 00 00 01 00 00 0b bb 00 00 00 02
00 00 00 00 00 00 00 01 00 00 0b bb 00 00 00 02
00 00 00 00 00 00 00 01 00 00 0b bb 00 00 00 02
00 00 00 00 00 00 00 01 00 00 0b bb 00 00 00 02
00 00 00 00 00 00 00 01 00 00 0b bb 00 00 00 02
00 00 00 00 00 00 00 01 00 00 0b bb 00 00 00 02
00 00 00 00 00 00 00 01 00 00 0b bb 00 00 00 02
00 00 00 00 00 00 00 01 00 00 0b bb 00 00 00 02
00 00 00 00 00 00 00 01 00 00 07 d2 00 00 00 01
00 00 00 00 00 00 00 01 00 00 03 e9 00 00 00 01
00 00 07 d2 00 00 00 01 00 00 00 00 00 00 00 01
00 00 07 d2 00 00 00 01 00 00 00 00 00 00 00 01
00 00 07 d2 00 00 00 01 00 00 00 00 00 00 00 01
00 00 07 d2 00 00 00 01 00 00 00 00 00 00 00 01
00 00 0b bb 00 00 00 02 00 00 00 00 00 00 00 01
00 00 07 d2 00 00 00 01 00 00 00 00 00 00 00 01
00 00 07 d2 00 00 00 01 00 00 00 00 00 00 00 01
00 00 0b bb 00 00 00 02 00 00 00 00 00 00 00 01
00 00 0b bb 00 00 00 02 00 00 00 00 00 00 00 01
00 00 07 d2 00 00 00 01 00 00 00 00 00 00 00 01
00 00 0b bb 00 00 00 02 00 00 00 00 00 00 00 01
00 00 07 d2 00 00 00 01 00 00 00 00 00 00 00 01
00 00 07 d2 00 00 00 01 00 00 00 00 00 00 00 01
00 00 07 d2 00 00 00 01 00 00 00 00 00 00 00 01
00 00 07 d2 00 00 00 01 00 00 00 00 00 00 00 01
00 00 07 d2 00 00 00 01 00 00 00 00 00 00 00 01
00 00 07 d2 00 00 00 01 00 00 00 00 00 00 00 01
00 00 07 d2 00 00 00 01 00 00 00 00 00 00 00 01
00 00 07 d2 00 00 00 01 00 00 00 00 00 00 00 01
00 00 07 d2 00 00 00 01 00 00 00 00 00 00 00 01
00 00 07 d2 00 00 00 01 00 00 00 00 00 00 00 01
00 00 07 d2 00 00 00 01 00 00 00 00 00 00 00 01
00 00 07 d2 00 00 00 01 00 00 00 00 00 00 00 01
00 00 0b bb 00 00 00 02 00 00 00 00 00 00 00 01
00 00 0b bb 00 00 00 02 00 00 00 00 00 00 00 01
00 00 0b bb 00 00 00 02 00 00 00 00 00 00 00 01
00 00 0b bb 00 00 00 02 00 00 00 00 00 00 00 01
00 00 0b bb 00 00 00 02 00 00 00 00 00 00 00 01
00 00 0b bb 00 00 00 02 00 00 00 00 00 00 00 01
00 00 07 d2 00 00 00 01 00 00 00 00 00 00 00 01
00 00 0b bb 00 00 00 02 00 00 00 00 00 00 00 01
00 00 0b bb 00 00 00 02 00 00 00 00 00 00 00 01
00 00 07 d2 00 00 00 01 00 00 00 00 00 00 00 01
00 00 07 d2 00 00 00 01 00 00 00 00 00 00 00 01
00 00 07 d2 00 00 00 01 00 00 00 00 00 00 00 01
00 00 0b bb 00 00 00 02 00 00 00 00 00 00 00 01
00 00 0b bb 00 00 00 02 00 00 00 00 00 00 00 01
00 00 07 d2 00 00 00 01 00 00 00 00 00 00 00 01
00 00 07 d2 00 00 00 01 00 00 00 00 00 00 00 01
00 00 0b bb 00 00 00 02 00 00 00 00 00 00 00 01
00 00 07 d2 00 00 00 01 00 00 00 00 00 00 00 01
00 00 07 d2 00 00 00 01 00 00 00 00 00 00 00 01
00 00 07 d2 00 00 00 01 00 00 00 00 00 00 00 01
00 00 07 d2 00 00 00 01 00 00 00 00 00 00 00 01
00 00 0b bb 00 00 00 02 00 00 00 00 00 00 00 01
00 00 0b bb 00 00 00 02 00 00 00 00 00 00 00 01
00 00 0b bb 00 00 00 02 00 00 00 00 00 00 00 01
00 00 07 d2 00 00 00 01 00 00 00 00 00 00 00 01
00 00 07 d2 00 00 00 01 00 00 00 00 00 00 00 01
00 00 0b bb 00 00 00 02 00 00 00 00 00 00 00 01
00 00 0b bb 00 00 00 02 00 00 00 00 00 00 00 01
00 00 0b bb 00 00 00 02 00 00 00 00 00 00 00 01
00 00 0b bb 00 00 00 02 00 00 00 00 00 00 00 01
00 00 0b bb 00 00 00 02 00 00 00 00 00 00 00 01
00 00 0b bb 00 00 00 02 00 00 00 00 00 00 00 01
00 00 0b bb 00 00 00 02 00 00 00 00 00 00 00 01
00 00 0b bb 00 00 00 02 00 00 00 00 00 00 00 01
00 00 0b bb 00 00 00 02 00 00 00 00 00 00 00 01
00 00 07 d2 00 00 00 01 00 00 00 00 00 00 00 01
00 00 0b bb 00 00 00 02 00 00 00 00 00 00 00 01
00 00 0b bb 00 00 00 02 00 00 00 00 00 00 00 01
00 00
