73 7a 00 00 00 00 00 00 00 00 00 00 11 0c 00 00
01 73 00 00 01 89 00 00 01 88 00 00 01 96 00 00
01 93 00 00 01 8d 00 00 01 8a 00 00 01 8d 00 00
01 8d 00 00 01 83 00 00 01 7b 00 00 01 89 00 00
01 83 00 00 01 90 00 00 01 68 00 00 01 6a 00 00
01 6e 00 00 01 75 00 00 01 6b 00 00 01 73 00 00
01 79 00 00 01 6c 00 00 01 7d 00 00 01 6c 00 00
01 73 00 00 01 62 00 00 01 76 00 00 01 6e 00 00
01 75 00 00 01 79 00 00 01 74 00 00 01 6d 00 00
01 77 00 00 01 72 00 00 01 6c 00 00 01 70 00 00
01 73 00 00 01 6e 00 00 01 78 00 00 01 71 00 00
01 81 00 00 01 81 00 00 01 73 00 00 01 76 00 00
01 66 00 00 01 84 00 00 01 9d 00 00 01 8d 00 00
01 68 00 00 01 65 00 00 01 77 00 00 01 6b 00 00
01 73 00 00 01 7a 00 00 01 73 00 00 01 71 00 00
01 70 00 00 01 75 00 00 01 76 00 00 01 70 00 00
01 81 00 00 01 71 00 00 01 75 00 00 01 6c 00 00
01 6e 00 00 01 75 00 00 01 75 00 00 01 71 00 00
01 76 00 00 01 7a 00 00 01 6f 00 00 01 6b 00 00
01 60 00 00 01 71 00 00 01 74 00 00 01 6b 00 00
01 6f 00 00 01 73 00 00 01 66 00 00 01 68 00 00
01 70 00 00 01 70 00 00 01 90 00 00 01 70 00 00
01 cb 00 00 01 ac 00 00 01 bc 00 00 01 75 00 00
01 a4 00 00 01 8a 00 00 01 68 00 00 01 83 00 00
01 5c 00 00 01 71 00 00 01 53 00 00 01 5a 00 00
01 58 00 00 01 79 00 00 01 68 00 00 01 64 00 00
01 61 00 00 01 79 00 00 01 76 00 00 01 62 00 00
01 66 00 00 01 6d 00 00 01 78 00 00 01 6b 00 00
01 63 00 00 01 68 00 00 01 6d 00 00 01 6a 00 00
01 6e 00 00 01 75 00 00 01 7e 00 00 01 7f 00 00
01 81 00 00 01 83 00 00 01 91 00 00 01 58 00 00
01 56 00 00 01 5e 00 00 01 68 00 00 01 6a 00 00
01 78 00 00 01 6a 00 00 01 7d 00 00 01 75 00 00
01 70 00 00 01 73 00 00 01 93 00 00 01 69 00 00
01 6f 00 00 01 68 00 00 01 74 00 00 01 7f 00 00
01 7a 00 00 01 85 00 00 01 70 00 00 01 71 00 00
01 7e 00 00 01 67 00 00 01 7f 00 00 01 6b 00 00
01 7c 00 00 01 79 00 00 01 66 00 00 01 6b 00 00
01 85 00 00 01 68 00 00 01 70 00 00 01 65 00 00
01 74 00 00 01 6a 00 00 01 71 00 00 01 6e 00 00
01 6f 00 00 01 6f 00 00 01 90 00 00 01 7a 00 00
01 65 00 00 01 8b 00 00 01 76 00 00 01 6a 00 00
01 7b 00 00 01 7f 00 00 01 6e 00 00 01 6d 00 00
01 7a 00 00 01 84 00 00 01 74 00 00 01 68 00 00
01 6f 00 00 01 6b 00 00 01 69 00 00 01 81 00 00
01 68 00 00 01 6d 00 00 01 73 00 00 01 76 00 00
01 6d 00 00 01 77 00 00 01 6d 00 00 01 75 00 00
01 78 00 00 01 71 00 00 01 75 00 00 01 70 00 00
01 79 00 00 01 75 00 00 01 74 00 00 01 6a 00 00
01 7c 00 00 01 73 00 00 01 7c 00 00 01 70 00 00
01 7c 00 00 01 7d 00 00 01 85 00 00 01 75 00 00
01 6e 00 00 01 6d 00 00 01 7c 00 00 01 70 00 00
01 90 00 00 01 7b 00 00 01 69 00 00 01 91 00 00
01 6c 00 00 01 8f 00 00 01 60 00 00 01 62 00 00
01 75 00 00 01 5f 00 00 01 63 00 00 01 67 00 00
01 72 00 00
