00 00 00 00 01 00 00 00 00 00 00 00 00 00 00 00
00 00 00 00 01 00 00 00 00 00 00 00 00 00 00 00
00 00 00 40 00 00 00 00 00 00 00 00 00 00 00 00
00 00 00 00 00 00 00 00 00 00 00 00 00 00 00 00
00 00 03 00 01 d7 f1 74 72 61 6b 00 00 00 5c 74
6b 68 64 00 00 00 03 00 00 00 00 00 00 00 00 00
00 00 01 00 00 00 00 00 01 8b 94 00 00 00 00 00
00 00 00 00 00 00 00 00 00 00 00 00 01 00 00 00
00 00 00 00 00 00 00 00 00 00 00 00 01 00 00 00
00 00 00 00 00 00 00 00 00 00 00 40 00 00 00 07
80 00 00 04 38 00 00 00 00 00 24
